1 6 13624 9340 10323 7482 13613 310 
2 8 3552 6572 9525 13343 11508 527 3523 3509 
2 5 3509 3534 3549 9523 11506 
2 6 6449 3579 11535 6599 553 3534 
2 4 11465 503 3495 3509 
2 9 11465 503 9478 3671 11631 3493 512 9507 9523 
1 11 11506 9534 6569 11563 9434 485 11420 9500 11548 575 11483 
1 4 11465 9867 9631 655 
2 11 6657 9597 11565 9737 9717 929 3749 6766 943 9723 6960 
2 15 6788 13500 3772 11891 9909 3928 911 11834 958 11877 9898 6960 3946 9853 9824 
1 6 3552 542 13340 6536 9510 11465 
2 9 9737 11565 6792 3598 620 3626 651 9629 11631 
2 5 3671 11596 3659 655 6657 
1 4 620 625 11582 6657 
2 5 11565 595 11582 629 11596 
1 8 9737 6777 9710 743 11697 11699 12169 6766 
1 3 3549 9578 11563 
1 4 11506 11518 11549 13011 
2 5 13011 11549 3402 454 11420 
2 6 13011 3546 5291 11516 1346 9503 
2 7 9559 11502 3629 1346 9503 6529 678 
2 6 6613 3589 780 762 11713 958 
2 10 3589 6784 6609 9745 6780 11730 13516 13509 13507 6788 
2 7 678 3666 9642 3652 648 11794 6613 
2 4 3652 3669 3506 11491 
2 9 11516 11488 9505 3533 9490 551 6949 11491 11506 
2 7 3493 6688 11611 9609 3594 11593 6613 
2 7 6960 6962 11709 3754 769 9748 3594 
1 5 11709 752 755 9734 6792 
1 6 620 3621 6648 11576 9607 3594 
2 6 648 11628 3681 3506 9725 9523 
2 4 512 6533 11463 3509 
2 2 512 9725 
1 2 6784 3768 
2 4 9418 9444 11519 3516 
1 5 6560 516 6598 3262 9498 
1 8 587 9522 11562 9574 13068 516 3576 11483 
2 7 11435 11470 11494 3547 587 6469 495 
1 2 9418 6583 
1 2 6583 9559 
1 2 6583 11435 
2 3 11494 3423 11560 
2 2 11531 3629 
1 2 516 3516 
2 2 9498 391 
1 3 391 68 3314 
1 7 9363 6241 6286 6336 9335 11318 11360 
2 2 391 6241 
2 3 9363 3512 6469 
1 8 6469 6622 11346 9281 11264 11360 241 3326 
2 7 3326 6349 6325 13567 9347 6257 6389 
2 5 3326 3271 6377 6263 6325 
1 8 495 6535 11388 13557 247 309 13564 3326 
1 8 6535 9509 405 3395 6377 526 9375 3522 
1 8 6377 11493 3355 13578 564 11533 9443 495 
1 13 9347 9320 11305 9294 9264 9238 3522 6487 13572 6582 3535 11481 514 
2 7 3522 9456 3499 6521 11444 3312 6282 
1 18 321 11276 11219 375 6521 13579 9496 537 6236 9387 9252 11260 11288 334 389 3380 362 389 
1 13 11305 321 9388 3340 349 6282 6334 9334 9361 11372 11343 9263 362 
1 13 9347 3368 13431 13432 3231 11366 13437 13438 13439 399 13440 3277 3325 
2 4 3325 3260 6393 6287 
1 6 13440 3341 13441 6364 6235 394 
2 4 6332 6402 3380 362 
2 4 6332 11265 348 3288 
1 5 395 3384 11312 3272 6296 
1 6 6332 395 266 11386 11357 11301 
2 7 3380 3351 6347 6321 9290 6567 524 
2 13 678 6683 9620 9618 636 6635 607 3780 9584 9600 3641 11601 663 
1 3 9620 9638 663 
1 6 663 11623 6680 6678 9633 13361 
2 4 13516 9741 13524 3780 
2 9 6788 6973 6946 11833 6875 6862 11751 13492 9904 
1 5 3780 6790 13514 9752 6606 
1 4 6788 13503 13502 9752 
2 12 6862 3885 9879 9907 1616 6985 6606 11734 3776 13521 773 3780 
2 8 3776 13522 603 9598 11598 9630 13361 11618 
2 8 603 3604 13525 11584 13533 6656 3657 6673 
1 20 11584 13536 628 6626 599 11735 13453 13527 13528 11564 591 11901 13269 3943 3924 11816 13450 13278 6889 9821 
1 11 11564 3601 13532 11581 13541 3670 13307 682 6703 13392 9660 
1 11 6626 11595 9613 6673 13358 13375 3673 13376 6687 13379 9679 
1 10 6606 782 9924 967 925 9838 6831 3966 6939 883 
1 5 9904 13495 9794 6926 925 
1 4 6626 599 13537 9627 
1 3 9627 13539 13532 
2 11 11837 9784 6843 883 11803 819 9826 13487 13489 13488 9904 
2 4 13489 11846 13493 9904 
2 8 819 955 851 3968 10027 3901 12066 9990 
1 6 11998 11837 9856 10027 12098 12066 
2 5 10074 3857 1156 4159 4014 
1 5 11773 11874 11824 9772 6891 
1 9 3703 9665 13372 11651 13387 13357 704 13355 11666 
1 13 11618 11634 3675 688 13366 13370 13381 9650 9679 6690 13351 13313 11666 
1 5 9679 13348 9648 13349 13351 
1 4 9627 3631 11612 3673 
1 6 9627 9596 3654 596 9646 9648 
1 3 3654 13540 11581 
1 2 13370 13372 
2 20 11666 13355 13356 13316 9527 13389 6552 543 9541 9421 6418 3585 6470 11404 3474 9416 11544 571 3299 9515 
1 9 9515 11653 692 6693 11638 9655 6934 3679 3692 
1 9 692 9652 13367 707 3688 6725 9515 9681 3703 
1 4 692 3705 708 11499 
2 5 9517 11499 9545 11529 11544 
1 4 3474 9497 6501 3535 
2 8 11544 9572 6421 13116 11445 3397 6488 11560 
2 4 6488 589 6568 9517 
1 6 6568 3530 6542 6712 3692 11640 
1 3 9655 3690 11499 
1 5 6488 3524 9547 3398 495 
1 6 13572 425 13577 3561 9524 564 
2 4 6521 9428 6441 514 
2 8 514 573 469 9414 11542 6440 3418 3585 
1 19 11542 9429 583 421 6562 3569 557 3718 6739 9692 541 3484 11539 581 3550 3581 6586 11691 3548 
1 5 6562 3414 3583 13266 6464 
1 10 13266 9457 11467 9511 6462 9570 552 9470 3532 6558 
2 17 3152 13645 13642 3074 11291 13632 9317 13627 13624 13620 13621 6342 9483 3354 13659 6314 3288 
1 5 3152 11426 11127 11443 4640 
1 7 4640 126 3120 181 11080 6174 13317 
1 12 13632 13633 13635 6408 9485 592 415 11202 11097 3053 6139 181 
2 5 3320 9295 11342 11358 310 
1 7 3320 13651 13652 6296 6360 6229 9483 
1 7 3320 13650 9274 3393 13206 347 11301 
1 3 6332 11245 6375 
1 4 3320 6340 277 11370 
1 9 11370 11216 3759 11341 6280 560 6415 11528 3392 
2 8 9263 389 3324 279 243 6401 548 9508 
2 8 9508 9400 3544 524 402 9544 11466 3392 
1 7 11241 9323 6249 6326 3219 6459 310 
1 5 11241 9241 11322 294 11370 
1 5 9241 3331 9289 3378 6373 
1 5 11370 216 6292 3350 6373 
1 5 6373 6344 9288 546 9506 
1 5 347 318 3309 9304 3759 
1 6 11581 13526 13530 13531 6647 619 
1 6 619 3623 6670 11625 13391 9660 
1 4 619 3617 11787 9606 
2 10 3617 11580 11586 11583 6634 9602 11887 11868 965 949 
2 4 11887 11857 11832 3882 
2 6 9660 13393 684 11646 11644 3696 
2 8 3544 467 6416 11430 9427 13205 6464 11467 
2 5 6464 506 584 13239 9508 
1 4 552 6595 3572 9496 
2 4 279 11232 388 6558 
2 5 9508 493 11515 17 6558 
1 3 11301 11274 402 
1 8 9427 11413 3410 6499 6522 3434 9468 11479 
1 4 11479 536 6580 11399 
2 4 402 3521 3559 11399 
2 3 6416 3458 3559 
1 4 6464 9567 9551 11539 
1 2 3583 9567 
1 6 541 11679 9690 13311 13394 9660 
1 3 6739 13315 11666 
1 8 13315 3700 6720 13382 9676 11663 13392 9660 
1 3 3696 713 746 
1 11 3696 3709 6711 693 11622 676 11639 6709 6695 660 3663 
1 4 9617 11603 6677 657 
1 8 3663 3636 3639 637 3645 6667 11592 9606 
1 13 3663 9651 11652 9701 6747 3741 744 6761 9548 11550 11411 6483 11479 
1 5 6747 723 3707 11686 13232 
1 8 949 3971 3952 3819 6842 9769 649 9783 
2 11 949 3908 3937 6923 893 878 13305 3893 3879 6895 9833 
1 4 3882 3833 3526 11818 
2 9 11818 10163 3844 6930 863 976 1109 3988 4109 
1 25 6115 11078 9157 11028 9135 9227 11206 9139 3022 6038 3111 11049 3162 11052 46 3108 11123 11209 9051 49 9117 11091 3182 9149 6050 
2 15 9279 6345 9362 6412 3307 383 6331 3286 3375 3063 6188 9209 9109 11188 11082 
2 12 11376 9300 9410 9251 9329 9406 6397 9393 11380 11082 161 6050 
1 7 383 6310 11070 69 11151 11184 6115 
1 8 6115 9103 9204 11029 9036 100 6072 9096 
1 6 9157 27 11037 9047 3114 122 
1 11 3108 205 130 6063 11185 118 11067 9220 6161 6083 9108 
1 7 9108 3104 9186 9226 11155 3095 101 
1 25 9108 6165 6125 9147 11125 11164 11081 158 11121 195 66 3172 11065 3122 6013 9038 6138 3025 11172 9129 11105 6108 11211 9194 3083 
1 10 9129 6144 9167 67 9073 11138 9056 11033 3119 6138 
1 9 9073 9183 11056 6082 9206 9100 3060 13318 3151 
1 16 9206 11162 3050 6150 3187 3030 9061 3068 9169 193 6146 11079 9233 9106 6212 11121 
1 12 6174 79 6197 117 11109 9234 320 9331 11234 6293 323 11241 
2 4 11068 149 13317 3151 
1 7 9197 70 11059 11153 6057 90 11159 
2 11 11068 9164 6095 6035 6086 9111 187 2999 11315 3215 11250 
2 4 6380 11282 3358 11250 
1 11 6380 9378 9278 6356 252 121 9122 11099 2 11107 9131 
1 11 70 11174 3140 172 9107 3163 11083 81 9207 11189 9131 
1 8 11234 9287 3235 6264 11349 11326 366 3358 
1 22 6380 301 3290 9235 11217 214 3339 6362 6410 9407 11344 3303 11375 6299 6295 6392 3268 3370 280 378 6316 11362 
1 2 11362 301 
1 12 6380 6414 9348 9282 11268 9330 3356 6279 6230 6398 6341 413 
1 15 9348 6290 6396 6262 3292 11242 9411 9355 9328 9260 3580 558 3492 9449 418 
1 14 6380 3391 3327 401 335 11254 9382 6387 3362 306 11290 11220 3331 11322 
1 8 6414 6348 3263 11300 11235 11284 6252 3335 
1 12 3335 3364 343 238 3542 9506 3480 6532 489 3543 441 6593 
1 9 3543 525 3494 11438 458 3452 6451 6423 11437 
1 6 11670 741 754 9576 9423 476 
1 7 3452 409 6597 3575 9714 741 13232 
1 5 476 9481 11490 504 525 
1 4 476 11464 11514 6593 
1 10 476 6429 3457 6509 6557 572 6435 11543 3470 6593 
1 4 11479 9558 513 572 
1 16 11437 453 472 3449 3466 6474 6493 9430 9417 585 3587 3765 3752 3734 3760 719 
1 8 6474 3479 502 11461 3508 6578 511 11504 
1 4 418 11397 3557 11504 
1 4 3452 3468 6495 11504 
1 7 11504 559 6605 3584 582 11557 525 
1 9 11437 11405 588 3573 737 568 3722 705 3686 
1 18 3587 6781 9709 735 9694 9691 714 11633 685 9647 3672 3682 3668 4463 7624 4458 7495 7661 
1 7 3653 772 3658 6671 1599 11708 1539 
1 7 7661 1536 4614 4477 1610 11674 1539 
1 24 3668 6701 700 6748 3726 6760 11706 9753 6620 11429 9455 6486 6516 520 11474 3529 9504 533 9516 509 484 11450 11434 9417 
1 14 9504 3582 9436 11485 3539 9564 11408 9422 471 11296 11323 9367 9394 6398 
1 4 9564 11551 3426 3578 
1 6 413 9552 9489 11439 6517 9449 
1 8 413 3527 510 3504 437 3431 6566 9516 
1 19 9330 11248 11294 314 11258 275 6329 9324 6291 6248 9258 11269 11240 257 3196 3246 6226 6275 11225 
1 21 11344 11277 3352 3224 6253 9259 11356 6338 260 9336 3251 3300 6388 6278 12244 206 12626 10286 10314 361 11228 
1 23 9131 3175 11095 174 9222 6112 196 3017 11158 9065 3146 9214 6124 272 359 3363 6288 6162 9283 6025 1336 7375 11228 
1 13 10314 12130 1278 1305 4354 12270 12128 10299 6379 3385 3216 11377 11225 
1 6 1278 273 7237 6368 4400 6278 
1 3 9292 1327 1292 
1 63 1292 1775 1294 1694 7874 7800 1709 10696 12679 1733 1860 7825 7274 4866 7757 12631 7886 10712 10639 4724 7744 4853 10570 7876 1803 7769 4815 12540 4797 1762 4837 10528 7835 1696 4705 13589 7786 4677 7725 13596 10559 13603 13608 13610 7851 10678 12657 7763 4725 10655 7801 12678 12261 4805 12189 10466 11643 6686 664 6684 11750 6989 957 
1 11 9833 11829 11811 6871 3951 11831 856 981 11898 928 11848 
1 2 4112 11848 
1 3 3951 3983 9878 
1 25 4112 6992 3927 11796 6945 9878 3876 11860 940 9755 6807 9763 9830 961 6956 11746 806 3889 12473 7140 1088 10087 1108 792 4111 
1 8 3951 6808 9806 11784 11747 9844 6938 979 
1 12 11747 804 11844 3807 3870 921 6977 9777 3903 3935 9915 11881 
1 4 3889 9893 9912 7620 
1 3 11853 6991 10472 
1 10 10056 4124 7026 4008 4127 1122 1005 12013 10122 10007 
1 7 10106 10804 1549 12387 4512 11759 7620 
1 11 7011 4073 12049 1155 11979 4161 4088 4206 1201 1065 7170 
2 13 4076 7164 3996 4055 1068 10031 7144 11974 12044 1151 12071 1064 11999 
2 4 11964 10005 7011 3996 
1 2 4206 1086 
1 13 4111 1074 7170 7151 4574 4591 11976 12101 1033 2095 8092 2033 12883 
1 11 4111 4550 12442 12316 12413 3795 2097 7994 2004 12726 2089 
1 2 2004 8001 
1 3 3795 1600 10106 
1 14 11136 3150 6300 9383 3273 6395 9237 9350 11218 11332 6399 6335 6384 13423 
2 5 9315 9379 9332 11270 351 
1 5 351 11299 11378 9392 9383 
1 4 9383 159 11306 9075 
1 7 3379 13472 13469 13468 3359 13462 11293 
1 4 385 13473 13470 13468 
1 4 9315 11382 9269 11297 
1 7 11382 364 9322 296 13425 11221 6103 
2 5 6103 13401 11374 221 271 
1 4 3501 13070 11333 6103 
1 6 9458 507 9239 6221 6270 9297 
1 9 13400 9239 11471 6351 9484 3463 13397 540 13413 
1 3 540 13395 6526 
1 17 11471 3369 13402 6378 377 13405 407 13416 13419 3274 13403 13420 6363 13422 9364 3205 13423 
1 5 377 3241 6301 3301 3205 
1 3 13402 7239 9297 
1 3 9297 11345 9315 
2 3 9315 13407 13423 
2 10 11293 13459 13458 13461 303 13457 13456 6313 13455 7394 
1 3 271 322 13430 
1 4 4948 12710 8015 2012 
1 4 758 11710 9689 6734 
2 7 6734 11673 9817 6924 799 3861 11805 
1 7 11805 11768 970 980 3866 9765 6880 
1 5 9817 724 6941 874 6867 
1 5 11768 844 3926 9877 6866 
1 5 6866 9839 11756 794 6867 
1 9 1048 10094 7183 1178 875 6744 7198 10009 9979 
1 8 7198 1090 1176 11956 4065 10109 10024 4098 
1 2 11956 12038 
2 7 7183 4080 11749 11798 931 9925 6866 
2 4 875 3871 3810 6948 
1 9 6866 11780 985 6948 6832 6800 11863 6914 3938 
1 6 6800 9778 12081 12083 4095 1176 
2 4 10024 1093 9903 832 
1 4 4098 1093 11884 832 
1 5 832 942 9757 6914 3938 
1 5 3938 896 11820 9917 9839 
2 10 3938 9767 6993 9785 11766 813 3816 9813 11821 915 
1 4 6914 9852 6879 3945 
1 7 6906 9896 6817 3873 6966 6812 9764 
1 4 6906 6959 9889 4098 
1 6 3816 11737 7213 871 3799 6906 
1 3 9764 854 9824 
1 9 3816 6878 6903 3902 11852 885 903 6936 11825 
1 7 11852 3735 740 11688 9703 6749 11707 
2 4 743 3737 6756 740 
1 10 758 6955 11692 11677 11840 3725 3727 3918 4024 11825 
2 4 6867 3874 9846 11825 
1 4 3938 3794 9800 9846 
1 4 9945 10113 1194 7100 
2 27 9994 11969 7180 1046 1160 7081 12051 7065 4046 7166 11939 1145 9964 1013 11923 7132 4116 989 1111 4097 10013 7100 1079 7069 10023 4139 4108 
1 5 2050 12900 2025 1969 4972 
2 6 8105 4963 12796 2046 12881 12806 
1 3 2046 2003 12725 
1 3 8124 7980 5010 
2 3 10968 12925 5117 
1 10 5005 7953 1922 2065 1982 10922 10837 10768 10385 7602 
1 5 10837 7969 4553 12793 1896 
1 4 12051 9976 12034 9943 
1 6 7132 4150 7008 12018 7958 4933 
2 4 7180 7162 4129 11921 
2 12 12589 10415 12692 12547 4696 4822 10697 1509 5203 7605 10963 4879 
2 4 10697 5231 12648 10400 
1 2 4696 1833 
1 4 7576 1468 4556 12648 
1 9 5231 10668 8214 12963 1874 7872 5199 12504 191 
1 2 1874 10929 
2 2 10929 2120 
1 5 2213 10400 5106 1688 8245 
1 2 10963 2229 
1 5 5117 12775 10071 988 10883 
1 3 10883 12824 12830 
1 8 191 4515 1516 9986 4128 12896 12945 5117 
1 9 3134 11117 9201 6181 3121 9162 3008 86 3189 
1 8 11081 30 9223 6179 3156 197 9123 3121 
2 6 7381 4406 1425 4621 4434 7642 
1 5 7642 12277 12293 4390 4608 
1 8 7477 7563 4599 12491 12333 8099 10414 7924 
1 24 1554 7501 7682 11687 1459 10148 10366 12397 7597 12329 7657 7600 7243 4300 4374 4227 1314 12294 10253 7370 4294 1254 4322 12128 
1 9 9292 1233 12287 10133 1821 9553 1543 10189 4824 
1 9 4824 7846 7774 3472 7681 12580 1835 10626 12679 
1 7 9292 12157 1334 10185 4265 1258 1278 
1 4 361 3280 7320 10133 
1 5 1554 1623 1573 9605 7924 
2 14 4719 7743 4745 13150 10638 4876 12485 4506 4561 4633 930 9831 846 11771 
1 5 4719 13584 13591 13590 4677 
1 5 4506 1588 12618 7832 4725 
1 6 11771 6951 11815 9835 6837 11886 
1 12 11886 3900 1052 12043 10068 11761 9843 9776 952 1489 7674 11752 
1 6 3900 3830 900 6969 3955 952 
1 8 1150 6851 3783 964 11764 9781 987 11771 
2 21 11771 9885 6804 6910 6860 6981 11835 912 9790 4052 10065 11915 12040 7125 7221 7204 13226 11977 1081 4086 4056 
1 4 11977 4126 10110 11948 
1 20 7125 9981 848 10083 6928 3981 3852 6922 959 6822 898 6944 9897 973 9766 11906 6811 810 3977 957 
1 16 11906 12482 12355 12412 10433 7652 4503 4572 1567 7663 11864 9913 9928 11893 6964 9897 
2 5 4572 4642 916 11808 11771 
1 10 10000 7089 4071 12045 1069 7189 11980 11996 9969 10068 
1 8 9843 4140 12026 7109 4190 12062 4538 1519 
1 7 4190 1188 1169 4144 1139 9958 10364 
1 11 7025 4010 10098 7656 4066 10364 1004 1603 5092 7406 7418 
1 4 7025 10043 4037 1069 
1 9 7025 7085 9995 10040 11916 7094 10008 1146 11913 
2 7 10364 12012 7568 7580 9934 7167 4619 
1 6 4619 4631 9999 7097 10517 7101 
1 6 11913 996 7120 10076 12052 7014 
1 8 7014 12076 4042 7191 11991 1096 7058 9974 
1 3 7120 10101 7191 
1 6 1628 7653 3992 4083 7172 7199 
1 6 9970 1120 12095 1047 7108 10062 
1 8 1319 7446 4501 1522 12319 10075 12075 4075 
2 6 4102 1183 12006 11925 4164 7110 
1 4 9950 7110 1025 11985 
2 8 11985 10052 1092 11946 7212 12031 7072 11960 
2 9 11985 7050 1191 7145 1167 10055 9985 1136 11960 
1 2 1136 7072 
2 6 11960 4142 10125 7187 7217 10032 
1 3 10032 10128 12007 
2 7 12007 1117 11930 4067 1063 9865 6994 
2 10 6994 3848 12056 7169 1024 4118 7016 4100 4188 1182 
3 2 1182 9998 
2 5 9998 7157 7087 12097 10125 
2 4 7187 10015 11989 12007 
2 3 10015 10100 7087 
2 4 1182 1097 11908 11989 
1 3 6994 9859 3962 
2 3 3962 7532 10444 
1 3 10444 10512 12421 
1 9 1488 7492 7353 7572 10411 12173 10221 10250 7408 
1 22 7408 1427 12122 12220 4388 1308 1281 12201 4312 1337 4371 7236 12144 1291 7342 12215 1376 10297 4412 7427 4424 12299 
1 6 4401 12232 10232 12204 1285 10162 
1 11 10137 10309 4379 1302 7280 12297 4397 10016 11936 1185 4075 
1 3 1403 4336 12127 
2 10 10344 10283 10154 1330 12127 1417 12256 4626 4585 1492 
1 5 1492 7469 12464 1082 4425 
2 6 10887 12005 12822 10729 2032 2086 
1 3 10887 9084 8007 
1 9 8007 10898 1971 10735 8098 5105 8013 12761 5075 
1 3 4110 7084 10735 
2 5 4110 1980 10847 4984 1908 
2 5 9975 1103 12886 4149 1908 
2 3 1908 2054 2086 
1 4 9975 1144 7207 4132 
1 4 10887 4979 8022 12763 
1 3 3456 10108 4110 
1 15 9975 11952 7150 4187 7013 1349 10270 12182 10210 12295 7250 12105 4278 10208 8100 
1 19 7244 10190 7391 7447 10274 7363 8067 10808 12734 8011 8100 4414 10756 10259 5104 1359 12142 4353 10270 
1 2 5104 8087 
1 7 1359 10324 8087 4472 12114 4280 7340 
1 8 12734 1344 10278 12180 10152 1430 4321 7340 
1 5 1344 7310 12779 10296 10756 
1 6 10278 7436 1268 10246 4416 7265 
1 4 4416 1409 7288 1321 
1 3 10201 7344 7260 
1 13 7340 1228 4237 10255 10001 11978 12462 10116 10060 1101 4104 4062 4245 
1 5 4062 7220 1444 12035 12307 
1 15 7220 1059 1538 10428 9946 7574 10401 12420 4557 4883 10030 7430 7177 4072 7013 
1 8 10030 4950 11995 4953 5096 5040 5055 12137 
2 4 12137 5086 10794 2086 
1 12 5040 4045 2036 12137 1377 4299 9973 10751 4516 1569 2005 7938 
2 7 7593 12452 1637 10471 10332 7938 5040 
2 6 4516 4544 7537 7593 4204 4245 
2 4 7593 4644 10077 4245 
1 6 4644 7662 7565 10389 10349 7455 
1 6 10077 1609 4616 10443 10389 12338 
1 8 12366 1497 12423 9993 11929 11968 12010 9991 
2 8 4543 1565 7887 1713 7783 12617 4804 1814 
2 4 2211 2203 5195 2197 
2 10 7566 4560 10460 10487 7651 12308 4481 7522 7535 7564 
1 9 7564 10430 12451 10500 4658 4478 10388 7520 12406 
2 8 12406 12435 10682 10455 1667 7755 12576 7798 
2 2 7859 12435 
2 5 7798 4776 12932 12924 12910 
2 3 12910 10925 5225 
1 23 12406 1537 10427 4836 5134 2146 2130 12918 5211 5225 8186 10927 8165 5197 12948 2191 10969 8200 10949 1526 10983 2157 1652 
1 4 1454 12104 1431 7669 
1 2 2210 2182 
1 3 13086 13195 5230 
1 3 5230 8157 12930 
1 3 12930 2174 5131 
1 6 5131 8217 12994 5171 11000 5228 
1 3 8252 5051 12798 
1 7 5228 8194 5191 650 8229 8251 5121 
1 2 8222 650 
1 9 650 10992 8215 12970 5184 8208 10390 12351 12364 
1 4 12364 1555 4573 7621 
1 7 12364 10402 12394 12409 1639 12494 10935 
1 2 12394 10418 
1 4 12351 7500 10985 12942 
1 11 7500 5163 10975 8255 5143 8216 10965 2224 5229 10987 12930 
1 8 12364 10515 12453 10943 8187 8238 2173 2152 
1 7 10362 12496 1613 1626 4604 4589 10447 
1 9 4589 7594 1542 1529 5156 8181 7553 10947 10513 
1 7 10947 12972 5186 12937 2181 10959 8189 
1 3 5186 7636 12977 
1 2 10513 5112 
1 4 10513 10432 5172 10980 
1 4 10980 12334 8148 7476 
1 5 10980 8190 12996 2153 10999 
1 2 10946 8143 
1 5 10998 5182 10967 5168 2227 
1 7 7622 10498 7451 10374 4476 7546 1550 
2 13 7361 7644 7304 1424 4432 7379 4362 12291 1284 7433 10320 4417 4345 
2 6 10320 10174 12221 1282 4342 4285 
2 8 4345 7345 11662 10381 11665 3806 6911 3878 
2 8 4345 4270 3778 3635 3661 9634 6676 6510 
2 9 4270 6625 3605 11567 9580 6797 3775 3763 11695 
2 3 11695 749 11654 
2 11 9654 6713 11641 11685 9684 6769 11669 9724 9711 722 11695 
2 13 6510 9480 1299 4869 1782 10718 4775 7899 1769 4875 4426 4872 12688 
2 11 6510 9467 12278 12582 602 777 10718 7794 13094 11571 4875 
2 15 12688 3721 12593 12663 3481 4739 9669 6726 515 3010 6754 1347 7761 1737 7853 
2 5 3721 1788 12603 10611 4739 
2 13 10611 11440 10684 7787 4765 4877 4343 7853 1858 1408 4428 10157 7315 
1 2 12603 4759 
2 36 6732 3906 11830 9832 6909 9847 3878 6882 3863 6845 3824 6984 3957 873 3823 11841 10412 3925 11738 788 6943 4168 1132 12054 7083 7138 4491 7012 7202 1547 11975 1480 12381 1572 1584 7388 
2 5 10412 9931 12445 10081 7138 
2 9 7202 10029 7012 7134 11927 7083 7045 11783 6943 
2 6 4491 4653 1485 10394 638 12384 
2 17 1843 9834 10489 866 12439 1572 12353 1433 12470 10492 12384 5090 10909 7791 913 1582 9727 
2 26 6696 6974 12670 12501 10824 10192 12735 7422 492 10520 7480 7668 4464 7524 7552 4535 4507 12313 1500 10337 12410 4884 2042 6785 12369 5015 
2 16 7552 1453 10449 10410 4510 1646 4444 12489 12458 7485 5001 9829 3960 10861 10504 10337 
1 2 1646 7797 
1 4 12735 12803 968 10909 
1 9 9727 12637 4627 7466 7646 10343 11873 951 3957 
1 4 492 860 7583 12384 
2 9 12735 1587 10753 7464 7797 4625 4540 4449 4569 
2 4 7797 10615 1987 12501 
1 4 9727 12568 12709 6696 
2 6 1453 1643 1528 12401 6968 9829 
2 11 3957 6929 6823 9923 801 3975 7528 9760 9775 4601 4527 
2 4 9727 1445 4527 1595 
1 18 3806 9693 1436 9708 3747 3733 734 11654 6707 3687 882 6890 9825 3685 689 11637 9654 6713 
2 16 6845 6869 11785 9804 847 3850 880 11800 9808 827 6855 11760 11776 831 9796 1595 
2 11 9808 6874 3853 659 3872 11791 870 9653 6713 9450 12357 
1 14 12357 9657 926 1760 10526 3699 1719 1866 9880 1867 12667 12620 3750 1747 
1 6 1866 4807 4664 10341 12456 12357 
2 4 1866 6752 10618 3719 
1 4 3719 1752 10709 4759 
2 5 9450 12312 11589 1560 10341 
1 13 11589 10478 7306 12418 11788 10666 12586 7852 3855 3613 4760 4723 13243 
2 5 12586 12646 12577 7536 9880 
2 6 9450 9682 10461 4437 4531 1595 
2 6 4569 12305 7626 1604 12437 1595 
2 5 12305 10457 12497 7611 9682 
1 5 11641 695 691 11656 6710 
2 2 9724 6710 
1 9 9450 12368 6737 10393 7539 1586 1678 9892 12586 
2 9 11589 6737 10339 1527 4590 7449 7607 12361 10717 
1 12 4569 12346 12463 10370 1534 9802 4811 4740 10340 4586 1738 12627 
2 9 1534 1564 10717 7834 1352 7892 4740 11802 10798 
1 3 10798 7904 1806 
2 8 3960 2082 8025 5103 1618 1806 2043 1534 
1 3 10798 10702 3972 
1 3 11802 7762 2055 
2 2 3972 2055 
2 9 3960 9920 5085 3875 3972 9908 12624 4586 4814 
1 3 4814 12024 7892 
1 3 12361 1621 4569 
2 11 10337 12341 1927 12782 6987 5061 2060 12835 12721 2083 5021 
2 4 1927 5022 7981 3960 
2 15 12782 2019 12728 5038 10894 10740 12791 3883 4975 10642 12627 10588 1827 7780 4723 
1 6 9908 12893 10867 8070 3867 10740 
1 13 1752 4772 1836 12566 6722 1767 7880 4857 12572 4860 7779 6742 3781 
1 4 12791 5044 7920 3834 
1 7 4975 12552 10645 10573 6897 7747 853 
1 13 4759 7883 4863 10624 10593 1857 1854 4838 1832 1690 10327 12214 7315 
2 19 7315 7386 10271 10183 12211 3513 4328 4274 10151 3471 6665 3588 9697 9713 6699 6694 6876 4518 9911 
1 3 6699 3677 9671 
1 13 9911 941 10387 10483 9814 11757 7517 1562 12374 7986 4727 12303 10387 
2 8 10387 4657 4799 11814 1793 853 3834 8012 
1 4 10573 7821 12765 11814 
2 15 9713 710 11698 10422 4736 12399 10591 10651 4865 10582 12535 1789 10556 9616 12553 
1 4 12553 7865 12183 3513 
2 5 12535 7888 7688 13242 13243 
2 7 13243 10711 1815 12651 1851 12585 4860 
1 4 3781 12124 12673 10327 
1 5 10651 12573 12699 850 11814 
1 9 12627 9792 868 1658 6887 1756 4742 10662 4865 
1 5 5015 10769 12835 7973 8003 
1 2 10740 8097 
1 10 8097 12745 10830 10916 8003 10853 12804 10172 4956 5021 
1 4 12721 1952 2083 4956 
1 3 10172 2008 2011 
2 10 4956 2011 1965 8089 12810 10773 8236 12753 10842 10886 
1 4 1965 12755 4887 13089 
2 12 8032 2051 13089 12746 12873 10895 8057 1945 4977 4908 10765 8012 
1 7 10678 1730 10608 12694 7746 4798 10641 
1 3 12595 1777 4724 
1 5 7825 4734 1297 4803 1779 
1 2 9553 1808 
1 7 4824 4754 1880 1659 1812 10692 4817 
1 5 7800 4780 10670 12521 1294 
1 4 4797 1727 12525 1707 
1 7 10583 1761 7854 1826 13606 13599 12641 
1 3 4705 13595 12641 
1 3 12641 13594 4677 
1 6 12261 675 12263 4290 10571 4841 
1 3 10571 7868 12559 
1 4 4841 7309 4404 9604 
1 5 4801 12605 13683 13675 1762 
