
strategic_region={
	id=218
	name="STRATEGICREGION_218"
	provinces={
		726 738 740 794 857 858 874 884 885 888 896 903 918 920 932 939 977 985 3725 3727 3729 3735 3737 3744 3794 3820 3845 3858 3859 3874 3887 3891 3902 3918 3920 3931 3933 3938 3945 3986 4024 6746 6749 6756 6800 6841 6866 6867 6879 6902 6903 6907 6914 6936 6993 9699 9700 9703 9719 9757 9767 9770 9785 9800 9827 9839 9846 9852 9857 9870 9872 9877 9881 9917 9925 9933 11684 11688 11707 11742 11756 11766 11780 11806 11809 11820 11825 11843 11852 11854 11863 11870 
	}
	weather={
	}
}
