
strategic_region={
	id=222
	name="STRATEGICREGION_222"
	provinces={
	 596 653 668 671 673 686 688 704 732 3631 3654 3673 3674 3675 3684 3700 3703 3718 6552 6673 6678 6680 6687 6690 6691 6708 6720 6723 6739 9527 9596 9627 9633 9636 9646 9648 9650 9661 9665 9679 11612 11618 11627 11630 11634 11651 11666 13313 13314 13315 13316 13347 13348 13349 13350 13351 13352 13353 13354 13355 13356 13357 13358 13359 13360 13361 13362 13363 13364 13365 13366 13368 13369 13370 13371 13372 13373 13374 13375 13376 13377 13378 13379 13380 13381 13383 13384 13385 13387 13388 13389 13390 13537 
	}
	weather={
	}
}
