
strategic_region={
	id=226
	name="STRATEGICREGION_226"
	provinces={
		1018 1073 1157 1185 1248 1285 1300 1302 1324 1328 1362 1374 1390 1396 1400 1423 1464 1469 1507 1520 1563 1577 1592 1605 1620 4023 4075 4119 4121 4177 4223 4255 4260 4284 4330 4334 4339 4341 4363 4379 4397 4401 4405 4529 4539 4554 4568 4596 4613 4639 4656 5236 7015 7075 7093 7103 7218 7229 7238 7271 7280 7303 7319 7331 7347 7356 7376 7380 7404 7426 7432 7518 7645 9948 9961 9988 10004 10016 10075 10103 10105 10129 10137 10162 10180 10195 10204 10232 10238 10261 10289 10309 10317 10326 10453 10496 11909 11926 11936 12008 12048 12065 12075 12109 12133 12150 12167 12176 12204 12210 12232 12260 12288 12297 12319 12332 12392 12433 12447 12475 
	}
	weather={
	}
}
